100
490 4 4
861 3 6
533 2.54 8
760 8.18 3
708 0.25 7
365 9 8
26 5 5
95 7.86 8
434 8 6
691 5.64 4
236 10 5
180 0.64 4
471 8.30 2
971 2.66 5
294 5.64 4
271 9 5
62 10 5
548 5 4
84 0.74 8
821 6 6
79 9 7
226 8.40 6
890 1 6
93 4.62 4
997 2 1
723 1.37 1
317 7.09 3
204 5 8
0 5 1
491 3.07 8
724 5.95 2
59 8 3
325 9 2
879 0 5
487 1.07 6
447 7.54 5
269 7 4
537 6 7
757 10 4
740 4.24 1
658 3.57 6
464 8 6
324 0.59 5
509 4.77 1
38 8.74 5
971 4 4
395 4 3
339 9.60 3
567 2.39 1
341 8 3
624 5 1
228 7 4
687 5 8
973 5.60 1
894 1.16 6
593 7.32 2
647 1.18 8
923 4 2
13 2.47 8
276 4.57 5
320 5 8
298 5 4
38 8 4
85 6 5
43 1 8
885 3.17 1
421 0.83 1
924 4.23 2
761 5.63 4
601 5 7
147 1.79 2
943 4.22 1
119 7.33 6
223 9 5
980 7 5
265 2 4
976 5.13 6
507 4 8
227 10 7
489 8.15 6
886 7.69 2
766 7.11 7
622 3 4
882 1.38 7
448 1 1
167 0.52 6
635 8 1
193 3.25 7
599 7.14 7
143 9 6
905 3 8
429 1 8
502 1.97 3
459 9 4
232 8.83 2
632 3.03 7
506 9.18 1
66 5.69 2
766 6.13 2
631 2 5